hdf5 datasets: ['Clusters', 'ExposureTimeBoundaries', 'PixelHits', 'TimewalkLookupTable', 'TimewalkMatrix']
Pixel Hits: 
                toa  corrected_toa  cid    dtoa   tot    x    y
0   110345462734375             -1    0       0   200  140  193
1   110345462984375             -1    1       0   150  143  193
2   110345896437500             -1    2       0  1475   68   92
3   110345896453125             -1    2   15625   850   67   92
4   110345896656250             -1    2  218750   300   68   91
5   110345896890625             -1    2  453125   150   67   91
6   110346426531250             -1    3       0   800   80   80
7   110346426750000             -1    3  218750   250   80   81
8   110346426828125             -1    3  296875   250   79   80
9   110346973375000             -1    4       0   375   14   18
10  110346973406250             -1    4   31250   375   14   19
11  110349264125000             -1    5       0   375   49    5
12  110350602171875             -1    6       0  1675  146  106
13  110350602250000             -1    6   78125   425  146  105
14  110350602343750             -1    6  171875   350  145  106
Clusters: 
    id  size          min_toa          max_toa             ctoa  corrected_ctoa  sum_tot  ctot        x_average       x_centroid        y_average       y_centroid    x    y
0    0     1  110345462734375  110345462734375  110345462734375              -1      200   200 140.000000000000 140.000000000000 193.000000000000 193.000000000000  140  140
1    1     1  110345462984375  110345462984375  110345462984375              -1      150   150 143.000000000000 143.000000000000 193.000000000000 193.000000000000  143  143
2    2     4  110345896437500  110345896890625  110345896437500              -1     2775  1475  67.500000000000  67.639639639640  91.500000000000  91.837837837838   67   68
3    3     3  110346426531250  110346426828125  110346426531250              -1     1300   800  79.666666666667  79.807692307692  80.333333333333  80.192307692308   79   80
4    4     2  110346973375000  110346973406250  110346973375000              -1      750   375  14.000000000000  14.000000000000  18.500000000000  18.500000000000   14   14
5    5     1  110349264125000  110349264125000  110349264125000              -1      375   375  49.000000000000  49.000000000000   5.000000000000   5.000000000000   49   49
6    6     4  110350602171875  110350602765625  110350602171875              -1     2600  1675 146.000000000000 145.923076923077 105.750000000000 105.836538461538  145  146
7    7     2  110351021187500  110351021312500  110351021187500              -1     1475  1125 142.500000000000 142.237288135593   0.000000000000   0.000000000000  142  142
8    8     3  110351021250000  110351021500000  110351021250000              -1      850   425 142.666666666667 142.735294117647   2.333333333333   2.235294117647  142  143
9    9     4  110353755656250  110353755796875  110353755656250              -1     1700   700  38.500000000000  38.382352941176 194.500000000000 194.632352941176   38   38
10  10     4  110354402125000  110354402250000  110354402125000              -1     2500   925  63.500000000000  63.430000000000  22.500000000000  22.360000000000   63   63
11  11     4  110355869359375  110355869484375  110355869359375              -1     2875  1250  91.500000000000  91.339130434783  28.500000000000  28.652173913043   91   91
12  12     6  110356706015625  110356706968750  110356706015625              -1     2325   925 244.000000000000 244.333333333333 207.833333333333 207.709677419355  243  245
13  13     3  110360353937500  110360354109375  110360353937500              -1     1425   850 174.333333333333 174.228070175439 188.666666666667 188.824561403509  174  174
14  14     4  110360842171875  110360842218750  110360842187500              -1     3200   975 141.500000000000 141.406250000000 106.500000000000 106.507812500000  141  141
Time walk matrix: 
   CToT  ToT         AverageDToA              SumSquareDiff  Count                 Std                Sem
0   500   25 993566.187500000000  941923368960.000000000000     17 235387.453125000000 57089.843750000000
1   500   50 846507.437500000000  804314087424.000000000000     17 217514.578125000000 52755.035156250000
2   500   75 731534.125000000000  767222939648.000000000000     44 132048.796875000000 19907.105468750000
3   500  100 631304.750000000000 1042412011520.000000000000     57 135232.875000000000 17912.033203125000
4   500  125 546655.000000000000 1446529990656.000000000000     71 142736.343750000000 16939.687500000000
5   500  150 443782.218750000000 1320634417152.000000000000     97 116682.421875000000 11847.304687500000
6   500  175 358829.937500000000  556370952192.000000000000     86  80432.765625000000  8673.288085937500
7   500  200 290532.218750000000  617762848768.000000000000    101  78207.820312500000  7781.969238281250
8   500  225 230799.812500000000  554400022528.000000000000    118  68544.179687500000  6310.002929687500
9   500  250 176983.187500000000  557833125888.000000000000    104  73237.835937500000  7181.560546875000
Time walk look up table: 
            AverageDToA              SumSquareDiff                 Std  Count
ToT                                                                          
25  762459.312500000000 8039622508544.000000000000 235469.046875000000    146
50  702579.312500000000 6421094072320.000000000000 204194.562500000000    155
75  606299.562500000000 5496268914688.000000000000 184765.578125000000    162
100 502045.375000000000 4444139290624.000000000000 165628.984375000000    163
125 434020.375000000000 2673515429888.000000000000 127291.492187500000    166
150 359546.500000000000 1739993907200.000000000000 103003.492187500000    165
175 302247.875000000000 1132830261248.000000000000  82859.148437500000    166
200 258924.640625000000  706738716672.000000000000  65846.945312500000    164
225 214258.000000000000  608579092480.000000000000  61291.605468750000    163
250 183489.984375000000  415105777664.000000000000  49707.824218750000    169
275 162849.390625000000  374076506112.000000000000  48202.246093750000    162
300 144676.890625000000  251067138048.000000000000  39126.679687500000    165
325 126646.156250000000  399410954240.000000000000  49653.796875000000    163
350 116081.500000000000  265686974464.000000000000  41536.007812500000    155
375  99530.406250000000  112967852032.000000000000  26245.539062500000    165
