hdf5 datasets: ['Clusters', 'ExposureTimeBoundaries', 'PixelHits', 'TimewalkLookupTable', 'TimewalkMatrix']
<KeysViewHDF5 ['Clusters', 'ExposureTimeBoundaries', 'PixelHits', 'TimewalkLookupTable', 'TimewalkMatrix']>
Pixel Hits: 
               toa   corrected_toa  cid    dtoa   tot    x    y
0  11.034546273438 -0.000000000000    0       0   200  140  193
1  11.034546298438 -0.000000000000    1       0   150  143  193
2  11.034589643750 -0.000000000000    2       0  1475   68   92
3  11.034589645313 -0.000000000000    2   15625   850   67   92
4  11.034589665625 -0.000000000000    2  218750   300   68   91
5  11.034589689062 -0.000000000000    2  453125   150   67   91
6  11.034642653125 -0.000000000000    3       0   800   80   80
7  11.034642675000 -0.000000000000    3  218750   250   80   81
8  11.034642682812 -0.000000000000    3  296875   250   79   80
9  11.034697337500 -0.000000000000    4       0   375   14   18
10 11.034697340625 -0.000000000000    4   31250   375   14   19
11 11.034926412500 -0.000000000000    5       0   375   49    5
12 11.035060217187 -0.000000000000    6       0  1675  146  106
13 11.035060225000 -0.000000000000    6   78125   425  146  105
14 11.035060234375 -0.000000000000    6  171875   350  145  106
Clusters: 
    id  size         min_toa         max_toa            ctoa  corrected_ctoa  sum_tot  ctot        x_average       x_centroid        y_average       y_centroid    x    y
0    0     1 11.034546273438 11.034546273438 11.034546273438 -0.000000000000      200   200 140.000000000000 140.000000000000 193.000000000000 193.000000000000  140  140
1    1     1 11.034546298438 11.034546298438 11.034546298438 -0.000000000000      150   150 143.000000000000 143.000000000000 193.000000000000 193.000000000000  143  143
2    2     4 11.034589643750 11.034589689062 11.034589643750 -0.000000000000     2775  1475  67.500000000000  67.639639639640  91.500000000000  91.837837837838   67   68
3    3     3 11.034642653125 11.034642682812 11.034642653125 -0.000000000000     1300   800  79.666666666667  79.807692307692  80.333333333333  80.192307692308   79   80
4    4     2 11.034697337500 11.034697340625 11.034697337500 -0.000000000000      750   375  14.000000000000  14.000000000000  18.500000000000  18.500000000000   14   14
5    5     1 11.034926412500 11.034926412500 11.034926412500 -0.000000000000      375   375  49.000000000000  49.000000000000   5.000000000000   5.000000000000   49   49
6    6     4 11.035060217187 11.035060276563 11.035060217187 -0.000000000000     2600  1675 146.000000000000 145.923076923077 105.750000000000 105.836538461538  145  146
7    7     2 11.035102118750 11.035102131250 11.035102118750 -0.000000000000     1475  1125 142.500000000000 142.237288135593   0.000000000000   0.000000000000  142  142
8    8     3 11.035102125000 11.035102150000 11.035102125000 -0.000000000000      850   425 142.666666666667 142.735294117647   2.333333333333   2.235294117647  142  143
9    9     4 11.035375565625 11.035375579687 11.035375565625 -0.000000000000     1700   700  38.500000000000  38.382352941176 194.500000000000 194.632352941176   38   38
10  10     4 11.035440212500 11.035440225000 11.035440212500 -0.000000000000     2500   925  63.500000000000  63.430000000000  22.500000000000  22.360000000000   63   63
11  11     4 11.035586935938 11.035586948437 11.035586935938 -0.000000000000     2875  1250  91.500000000000  91.339130434783  28.500000000000  28.652173913043   91   91
12  12     6 11.035670601563 11.035670696875 11.035670601563 -0.000000000000     2325   925 244.000000000000 244.333333333333 207.833333333333 207.709677419355  243  245
13  13     3 11.036035393750 11.036035410938 11.036035393750 -0.000000000000     1425   850 174.333333333333 174.228070175439 188.666666666667 188.824561403509  174  174
14  14     4 11.036084217188 11.036084221875 11.036084218750 -0.000000000000     3200   975 141.500000000000 141.406250000000 106.500000000000 106.507812500000  141  141
Time walk matrix: 
   CToT  ToT    AverageDToA  SumSquareDiff  Count            Std            Sem
0   500   25 0.000000099357 0.094192333519     17 0.000000023539 0.000000005709
1   500   50 0.000000084651 0.080431409180     17 0.000000021751 0.000000005276
2   500   75 0.000000073153 0.076722294092     44 0.000000013205 0.000000001991
3   500  100 0.000000063130 0.104241199791     57 0.000000013523 0.000000001791
4   500  125 0.000000054665 0.144652992487     71 0.000000014274 0.000000001694
5   500  150 0.000000044378 0.132063433528     97 0.000000011668 0.000000001185
6   500  175 0.000000035883 0.055637095124     86 0.000000008043 0.000000000867
7   500  200 0.000000029053 0.061776284128    101 0.000000007821 0.000000000778
8   500  225 0.000000023080 0.055440001190    118 0.000000006854 0.000000000631
9   500  250 0.000000017698 0.055783312768    104 0.000000007324 0.000000000718
Time walk look up table: 
       AverageDToA  SumSquareDiff            Std  Count
ToT                                                    
25  0.000000076246 0.803962230682 0.000000023547    146
50  0.000000070258 0.642109394073 0.000000020419    155
75  0.000000060630 0.549626886845 0.000000018477    162
100 0.000000050205 0.444413930178 0.000000016563    163
125 0.000000043402 0.267351537943 0.000000012729    166
150 0.000000035955 0.173999384046 0.000000010300    165
175 0.000000030225 0.113283023238 0.000000008286    166
200 0.000000025892 0.070673868060 0.000000006585    164
225 0.000000021426 0.060857906938 0.000000006129    163
250 0.000000018349 0.041510578245 0.000000004971    169
275 0.000000016285 0.037407651544 0.000000004820    162
300 0.000000014468 0.025106713176 0.000000003913    165
325 0.000000012665 0.039941094816 0.000000004965    163
350 0.000000011608 0.026568697765 0.000000004154    155
375 0.000000009953 0.011296785437 0.000000002625    165
