<KeysViewHDF5 ['Clusters', 'ExposureTimeBoundaries', 'PixelHits', 'TimewalkLookupTable', 'TimewalkMatrix']>
Timewalk Matrix:
   CToT  ToT  AverageDToA  SumSquareDiff  Count        Std       Sem
0   500   25    99.356621     94192336.0     17  23.538746  5.708984
1   500   50    84.650749     80431408.0     17  21.751457  5.275504
2   500   75    73.153412     76722296.0     44  13.204880  1.990710
3   500  100    63.130474    104241200.0     57  13.523288  1.791203
4   500  125    54.665501    144652992.0     71  14.273634  1.693969
CToT       500        525        550   ...       6675       6825       6850
ToT                                    ...                                 
25    99.356621  85.677086  99.588829  ...        NaN  23.437500  20.833334
50    84.650749  83.046875  86.979172  ...  14.062500  18.750000  20.312500
75    73.153412  76.286766  72.593735  ...  14.062500  16.406252  13.541668
100   63.130474  63.586956  60.998768  ...  13.020833   7.812500   8.593750
125   54.665501  53.568096  51.769302  ...  12.500001        NaN  11.328125

[5 rows x 189 columns]
CToT       500        525        550   ...       6675       6825       6850
ToT                                    ...                                 
25    99.356621  85.677086  99.588829  ...        NaN  23.437500  20.833334
50    84.650749  83.046875  86.979172  ...  14.062500  18.750000  20.312500
75    73.153412  76.286766  72.593735  ...  14.062500  16.406252  13.541668
100   63.130474  63.586956  60.998768  ...  13.020833   7.812500   8.593750
125   54.665501  53.568096  51.769302  ...  12.500001        NaN  11.328125

[5 rows x 189 columns]
CToT       500        525        550   ...       6675       6825       6850
ToT                                    ...                                 
25    99.356621  85.677086  99.588829  ...        NaN  23.437500  20.833334
50    84.650749  83.046875  86.979172  ...  14.062500  18.750000  20.312500
75    73.153412  76.286766  72.593735  ...  14.062500  16.406252  13.541668
100   63.130474  63.586956  60.998768  ...  13.020833   7.812500   8.593750
125   54.665501  53.568096  51.769302  ...  12.500001        NaN  11.328125

[5 rows x 189 columns]
CToT       500        525        550   ...       6675       6825       6850
ToT                                    ...                                 
25    99.356621  85.677086  99.588829  ...        NaN  23.437500  20.833334
50    84.650749  83.046875  86.979172  ...  14.062500  18.750000  20.312500
75    73.153412  76.286766  72.593735  ...  14.062500  16.406252  13.541668
100   63.130474  63.586956  60.998768  ...  13.020833   7.812500   8.593750
125   54.665501  53.568096  51.769302  ...  12.500001        NaN  11.328125

[5 rows x 189 columns]
